000209
003298
004323
003094
003591
001001
001512
002056
002525
000239
002762
002283
003875
001849
000618
000602
002773
003315
004083
003450
004009
003405
002356
001946
002829
002428
002482
002950
000668
001083
003829
003289
001711
003229
002947
000673
002176
001631
004134
003666
002949
002194
001914
002641
000558
001175
002473
004357
003729
000520
002585
002269
002631
003858
003266
003872
003060
002177
002342
000641
002047
003629
001742
000523
004239
003695
001264
003132
001234
000539
003175
000693
000212
001638
003123
001499
001992
000218
002071
002736
004291
003362
001486
002150
003860
002886
004210
003691
003352
004147
003442
002127
002653
001817
002195
002614
001214
002915
001558
004132
000659
003257
002486
001901
001421
002610
002395
004079
000959
003255
003647
003783
001663
004008
002867
002102
003790
003826
001466
001141
001835
002671
003622
003474
002443
003359
001454
002160
004099
000699
001602
003999
001592
004179
002063
002012
004191
001380
000970
001392
003364
000902
000281
004007
000924
002547
001501
003300
003188
001954
001414
000582
001335
002841
004107
000598
002423
002371
002130
002781
002069
002469
004271
002753
002145
001543
002336
002013
000211
003650
004022
003273
002442
001962
002039
002351
003718
002651
001464
004268
003346
003687
001736
003667
001814
003871
002498
002159
004044
002833
002002
001924
001874
001771
004070
000626
002796
002216
001293
001450
000504
003211
002179
001943
002189
003021
001964
003654
001740
003874
003131
003692
001059
003216
003726
002902
000982
001798
004223
004360
004128
000612
002634
003782
002455
002227
003104
002394
002272
001180
002277
002802
001690
001121
003459
001013
002037
003295
003047
002170
000501
003287
000260
001259
003753
003985
004081
000553
002185
001925
003171
000947
000972
001341
001166
004219
001780
001999
004102
004287
001540
002764
002117
001665
001006
001420
001411
004250
002493
001650
003130
004187
002280
000298
001851
002489
000221
000943
002845
001768
000945
004347
002790
002941
003368
002810
002882
001516
001671
002265
003329
002617
002981
003836
004216
001326
002264
003743
003786
001593
002319
004300
001939
002155
002103
001002
000613
002243
004150
001827
004000
004036
002859
001130
000262
001272
001328
000683
002613
001227
000938
004125
002851
003174
000559
004104
003498
000999
001582
002694
003602
003619
003377
002485
001903
001128
002340
002447
004227
001181
003886
001828
001376
001973
001320
002456
001752
003447
001497
004359
001641
003864
003711
002224
003339
001419
001661
002337
004342
002693
001157
001184
003269
003862
004260
002921
002716
001502
001276
002409
004121
002134
001533
004018
003837
002006
000663
004143
001909
003061
001990
000242
001904
002393
001554
002811
003283
004218
003084
002081
001673
001572
001145
001783
000551
002919
003412
002767
004026
002887
002535
004205
004006
002621
000911
001030
002985
001250
000234
001346
002290
004040
004387
003008
003191
000627
004059
001869
003141
002085
001636
002945
003159
000227
001197
001762
002397
001158
004020
002385
001899
003812
002772
002738
003421
002010
003248
003057
000261
001637
004252
001218
002729
003721
001820
002877
002050
003653
001722
000939
000978
004270
000542
002822
001570
000527
001902
001469
001669
002599
001969
003652
000993
000670
000984
002785
003709
003115
003118
001144
003764
002018
004112
002221
003024
002565
003617
001588
004220
004173
004229
001511
001095
000205
000586
003499
003151
001108
004238
003659
001439
002869
004354
000674
003455
000283
002955
002492
004267
004327
004108
004272
004228
002366
001299
001681
003424
001863
002909
001494
002517
002354
004135
001689
003769
002861
001217
001585
002381
001911
002333
002296
002844
002126
003774
002550
001114
001916
002788
002968
004245
001600
001286
001271
004292
002990
003680
000665
003428
001156
004244
004365
003675
001248
004051
001183
003635
001758
000950
001651
003254
002746
003845
002709
002803
004054
003655
003728
002172
002905
002699
001829
002660
004151
001747
001670
001883
003645
004390
000655
003027
003730
002244
004101
002029
001267
004019
001804
001239
002222
001576
000905
004082
001448
003624
003717
003443
002228
003630
002088
003698
002642
001198
001262
003464
001549
001118
002573
002755
004379
003054
003679
003189
002900
002249
000925
002464
001036
002051
000254
002873
000256
001247
003504
003164
000635
001536
001219
001979
003599
000276
001919
001508
003993
000685
001541
004192
002347
000258
000964
002754
001453
001761
001928
002038
001850
003491
001610
002025
002187
004208
003193
002095
004184
003074
003075
000225
001273
001606
001087
001085
003884
002725
002850
001520
003365
002652
001721
003195
000940
004364
002628
001441
002512
002031
004145
002957
002181
001856
003731
003015
001427
002215
000686
003765
001220
004027
002011
000695
003353
001618
000266
002190
002914
001012
002022
002376
001242
004308
004266
002718
003108
004136
001983
002219
003898
003199
002927
001843
002542
000279
002595
001195
003285
001802
001122
003423
003501
001375
000253
001177
003606
003432
003850
003301
000540
003809
002996
004089
000604
003893
003082
004307
001073
003006
004091
003038
001552
001446
001256
002974
001366
001896
001492
003072
001579
001998
002769
001995
002602
002167
002054
002684
001334
002923
003724
000936
003324
002789
000677
000230
000634
004129
001116
004336
002929
002735
001279
001865
001586
002323
003046
001701
003752
002122
003615
002591
001442
002205
003238
001907
001551
001615
003763
003597
001213
000620
003236
002998
002691
000926
002926
003028
000271
001351
002513
001611
001003
001269
004361
002084
001444
000550
003458
001315
001019
004319
003451
000682
001881
004159
003102
001659
003065
002506
000622
001042
003402
002125
001626
003265
000574
001696
004243
004115
000245
002715
002035
003433
004178
001041
003407
004170
002017
003197
001985
003748
001192
003794
000561
001470
004289
000593
001645
004385
001426
004349
000521
003342
001316
004093
001416
004211
000285
003676
004188
002180
002052
003634
003361
001597
002231
003041
001199
002120
001432
003114
003738
002879
002713
002569
003844
004242
001604
001091
001447
001745
002611
001304
004199
003280
001324
003190
003625
003264
003168
002483
001472
001149
003437
002977
002321
003251
001146
001352
002798
001818
001131
001485
003381
002856
003998
003883
003388
004190
001844
001409
003489
001652
001562
002975
002648
004363
002104
003476
004165
002099
002410
003841
001557
004344
000639
002750
002973
002821
002416
001872
002680
000291
001232
000977
001490
001477
001560
003865
001580
002499
004126
001887
000992
002424
002218
002717
003732
003109
003465
003140
003241
001148
001926
002826
000973
002203
000611
003807
001596
001423
001009
001333
000644
002448
004155
001513
004064
001875
001897
003037
004200
003460
003317
003641
001459
001309
004078
004035
003642
002922
003609
002972
000269
003802
003223
000577
000518
004232
003426
001608
002086
001017
003594
002132
003050
002044
002655
001430
003890
000502
002872
004384
001854
000229
004225
001437
001330
002503
002522
002578
004122
000222
002474
002157
003023
001968
004204
004071
002855
002815
003341
000664
004209
003250
000597
000508
002261
002814
000621
001028
001391
001398
003220
002422
002956
002951
001498
001918
003480
001821
001664
001811
002938
000675
000976
002526
001942
001037
000643
002255
001008
003882
000923
002092
001260
001769
003682
002682
001207
004130
001993
002200
003292
003256
002607
001775
003013
001495
003126
003621
001578
000681
003888
002597
003330
002398
002615
003275
001763
003438
000998
002009
002584
002661
003127
002705
002935
003312
001222
003605
000243
001056
000656
001567
002226
001429
002064
001668
004005
000532
004256
002325
003409
003670
003772
000292
003270
001191
003466
004303
001196
004111
004131
004304
004274
001159
004041
002026
001226
003735
003825
003444
001040
001425
002451
000921
001011
002149
003142
003033
000625
002045
001976
003660
001150
002372
000552
001187
004350
003160
001952
002846
000529
002107
002657
004050
003232
002245
002360
000650
001635
002874
002389
001410
001237
001678
001137
001727
004084
003620
003795
004075
000932
002840
003326
000238
002786
002860
001616
000509
001210
003699
004012
003867
003202
003477
001912
002294
003305
002400
003101
001298
003614
000535
003260
003788
003348
001070
001956
004198
001491
004138
001476
003049
003694
001654
003739
004310
000246
002135
003186
000931
001058
001233
001860
003842
003689
000300
000989
004340
001760
001465
002003
001090
002484
001519
003215
003163
003705
004063
001987
001208
002300
003838
002695
004369
003779
003106
003258
003869
002575
000213
001577
003000
001965
002439
000203
003984
001064
004309
000956
002363
004233
002196
003055
003767
002894
001151
004381
001051
004202
001704
003484
002532
004318
004077
003091
004322
002353
001249
003290
004164
001033
001974
003383
002158
002635
004346
001337
001368
004013
001525
003840
000662
003592
001124
001906
002564
003376
000907
003435
003336
000237
004109
002131
002520
003982
002865
001960
004139
001609
002182
003395
004316
004194
003334
000657
002133
003792
004039
001518
001007
002579
003237
002152
002848
003992
002857
001679
003700
000580
003120
003446
003833
003303
003461
002229
004276
003206
001739
002686
000694
001104
002708
002638
001025
000545
002940
002079
003741
003861
001251
001186
001406
003144
003849
003327
004015
000684
003415
003722
004144
003281
002276
003696
002288
002407
002445
003747
001378
001933
004140
000913
003493
000217
000974
003370
002959
003400
004222
001354
001266
003766
001277
002727
002465
002144
003344
001265
003335
003778
000914
003219
004017
004265
002307
002310
003607
003754
002864
002335
002027
003043
002066
002230
001583
001431
002723
002404
003272
000607
002303
002429
003806
001675
000522
002259
000543
004092
004366
001068
002260
001858
002702
001173
000290
003673
003603
003306
002936
004313
003403
002733
002450
002481
003892
001785
003146
004294
001132
002075
000226
000525
003087
001773
001991
002770
004206
001139
003227
003338
000516
001699
002749
002703
003801
002561
000596
003394
001245
000594
002960
001894
000610
002625
001412
003758
003611
001868
001188
001931
003279
004152
004374
002355
001364
004330
003452
001934
002813
000603
002892
000965
002446
000968
001101
002297
003103
002606
002141
004321
002711
003756
002868
002989
002463
000248
003481
001627
001886
002783
002094
003243
001225
002306
002139
001569
002675
000296
003490
001759
003253
001648
003411
003294
000990
001229
004176
002589
003714
002453
002033
004154
001221
002348
004383
004262
001961
002807
004275
003347
003880
000272
004010
000948
002572
001287
002396
002847
002253
004175
002555
003311
001246
003161
001718
003866
000595
001496
002478
002818
002235
003697
003240
003172
004119
001016
002630
003002
002239
003781
003891
001805
002979
001484
004052
002563
002571
003003
001617
001489
000652
001756
002743
000275
003688
004329
003217
002756
001877
002854
001038
002930
004180
001623
003397
001487
003704
002912
002917
002334
002068
003282
002779
003143
001478
001261
001666
001358
002168
000599
000904
002667
003374
002953
001097
002832
002748
002581
001506
002763
002545
003500
002128
001837
000576
002622
001634
000584
001252
003328
002529
002339
001932
001527
001808
001288
002019
002636
002577
004030
002587
002114
000942
003598
003472
003808
004312
001590
004215
001734
001855
003430
000955
001550
004014
002497
003813
001443
002328
002965
001468
004375
004269
003139
001568
001574
001456
003817
001810
003173
004094
004162
003473
001630
003293
004341
001807
001840
002171
001848
003337
002238
002806
001534
001603
000251
003090
001069
004237
001154
002633
001782
000563
002988
001735
004257
002488
003851
002616
003068
002406
001200
000267
002213
002609
003678
003803
001024
002823
003604
002799
003847
003683
002858
002284
001475
000507
000210
004277
004281
001959
003325
002937
003390
004174
001312
002958
001587
004249
000207
003793
002402
003773
003509
003846
004183
002070
003296
003022
002730
000514
003016
000567
001714
002794
004348
001075
002101
002560
003600
000991
003879
001078
000619
000544
002043
002932
003668
002212
001619
001481
003657
002766
001057
001893
000667
000632
001598
000202
002508
002121
000633
002414
002154
001515
002516
003205
002368
001561
001789
002866
001203
003112
003083
004055
001241
003681
003196
002824
003056
000690
002053
001014
000696
003989
001308
001707
003203
001179
001092
002518
002109
000560
000526
003994
003776
002608
003440
003612
001067
004264
003899
003010
002830
001819
004023
003780
002961
001748
001321
003857
001555
003249
004067
002386
001350
001445
002312
001553
002649
000912
001034
001716
004196
003073
000548
001523
003244
004203
003492
001986
001649
000957
004201
003725
003814
003059
001786
001022
003349
000295
002193
000280
004149
003210
004325
001526
002690
001125
002192
003981
004124
002250
001605
002908
002153
000274
001822
002893
001216
002208
004096
003081
001639
002986
001915
003234
000538
002417
003332
002169
002592
003404
004024
002701
000983
000661
001949
003029
004088
001788
003357
002583
004335
004087
003318
002364
001754
001238
001363
000952
002293
001205
003097
004069
002143
001936
003716
000623
004230
003870
002441
002970
003797
001709
004034
002091
000219
002034
002278
003299
001362
003761
002863
003757
001564
002427
004331
002828
001049
004137
001571
004389
004373
003746
001517
001994
001908
003831
002820
002317
004295
003398
000975
001509
001393
001937
002721
000592
003145
002419
003775
000590
002341
001873
001300
001275
001778
003799
003262
001831
002658
000277
001945
000697
002689
001766
003375
004146
001573
003100
001948
002257
002888
001066
001323
003018
002030
000510
002233
000648
001050
001244
004247
000903
004305
000536
000578
001394
002251
003152
001680
004382
003039
002870
004171
003827
003750
002928
002576
000534
004356
002254
002151
001360
003011
003379
001830
003448
002884
003035
002248
002501
002741
003608
003157
002993
002042
001045
002065
001595
000587
004214
002267
001601
002209
002780
000679
002530
004217
004241
003613
002553
003107
003089
002676
003098
000966
003304
002174
002683
001796
004337
003482
001039
002594
001349
003036
002322
002710
001719
004372
001861
004033
001753
003321
003616
003062
003649
003105
003486
003392
003004
002669
002659
002479
002918
001656
001263
004355
001741
000637
001136
004105
002943
001338
002896
001803
002853
001482
003644
001864
000541
002627
001355
002326
001395
000691
002757
000616
002078
002620
000689
002062
002437
003069
001005
002093
001982
003271
002688
003380
004278
003661
001857
002028
000554
003129
003378
002313
002408
003737
002370
003852
004182
003495
000244
002732
003242
004320
002792
002987
002582
001204
004158
000606
003762
002032
002466
001746
001424
001594
003707
003896
004234
003417
001048
004315
002305
002214
003751
002211
001970
000568
002742
003393
002061
003385
003618
002476
004141
002809
001776
004193
003313
002994
001142
000265
001253
000951
001306
002137
002040
001705
004212
003354
001387
002784
003662
003286
001451
002480
002570
003887
002901
003427
004058
003658
001004
002282
000688
001098
001920
003198
001792
001559
003595
001138
001480
001910
001401
001404
004068
003895
001303
001772
001417
002817
003071
001935
001971
003674
001106
002891
004296
002647
003601
002140
001322
002774
003360
003487
001813
002511
004166
001109
001726
001917
001223
003291
001176
000671
001390
002327
001531
003897
004293
002077
001313
004299
002379
001732
002666
002507
003170
004086
003167
001981
001307
001767
003183
002375
002640
001787
003156
001749
001400
002041
000289
001832
000287
000651
001647
001795
002090
002544
003413
002201
004098
002387
002435
002225
001676
001528
003031
001103
003252
001311
004248
003816
003093
003488
003185
003080
001963
003187
001026
001941
002399
004161
003733
002758
000953
003789
002812
002962
001535
002175
003208
003323
004110
003720
002252
000583
002147
003457
002242
003194
004226
002668
002654
002586
003406
003420
001373
002646
002992
002161
002558
002704
002999
001733
003225
002275
002007
004388
001997
001408
000944
004177
003148
003121
002719
004016
001624
003503
004186
002567
000240
003900
002391
002672
002514
003505
000624
000629
003307
001938
001800
002948
000506
002913
002023
000249
003386
002008
003277
001230
000961
002352
004332
003843
001063
002898
002220
002494
003894
003445
001361
002761
004298
002539
001984
004100
001823
004029
003308
002662
001449
004288
001655
003158
001302
003233
001474
000588
002777
002309
001522
003128
001193
003734
002415
001143
001923
001510
004043
001332
002382
002462
002837
004168
003791
002367
002700
004085
000678
003796
003997
002191
004181
004371
001010
002388
001291
003856
002612
002724
004258
002287
002199
001055
002048
001100
001433
002129
001563
001134
001653
002510
003020
003373
002148
001667
001750
001870
001698
000969
001706
003351
001123
004324
002467
003759
001345
002759
001082
002976
001988
001224
002210
001301
002745
003136
001371
001258
002232
003278
002452
003419
004377
004314
002344
002059
001977
002217
001035
002681
002338
002298
003822
004273
001105
003832
002223
001185
001174
001194
001958
001029
003092
002266
002890
004073
003497
001891
002111
002112
001657
004123
001282
003001
004106
000241
002436
001824
004338
003176
004127
000565
003839
001296
002470
002433
000273
002980
001126
001388
002966
001538
001565
000981
002982
002744
001892
003343
002523
002931
004103
000284
003177
004362
002707
001700
001081
002097
002706
001231
004231
004097
003134
002358
001799
001329
001167
004117
002164
000988
003367
002110
004380
004339
000505
001236
000958
002603
002279
001717
002000
001530
004207
002472
000250
003811
003267
000654
003988
003824
001913
002678
003076
001243
003708
002787
001054
003355
001339
002291
002734
001744
003247
001020
003235
001343
000555
003878
003166
002115
001674
000519
002073
003153
002852
003045
003610
001310
002543
002207
001460
002457
001764
002731
001202
003201
001127
000585
003095
001640
001972
002712
002434
003760
004074
001295
000954
003639
004328
003058
001383
003425
000967
002546
002519
002373
004333
003885
003309
002903
001285
001878
003137
004301
000963
004368
001950
002273
002377
003830
002426
000927
000556
001165
000985
002240
002548
004060
001685
003820
003995
003310
002475
003414
004057
002324
002136
002673
002534
004345
001947
003009
000557
003221
002574
003214
002432
002197
000994
002557
003703
004261
004061
002967
001440
004306
001386
004167
003996
001071
000223
002991
001079
004056
002237
000231
000201
002800
003685
003053
000995
002776
001500
002357
000513
003784
003399
000293
000233
003656
002831
000215
004032
001632
001155
003048
002771
004076
000549
001797
002425
002421
001415
001471
001537
004028
002805
002403
001370
003987
002491
000252
003434
003701
001479
002924
002412
000294
000941
000937
000278
003086
000220
003184
002804
003815
002839
003706
002361
001731
000511
003064
003019
001270
002663
004251
004148
002643
001940
002178
004065
001434
002747
001325
001838
000270
001160
002449
001021
002849
002760
001369
003744
001290
003288
004025
002580
001023
002015
002188
001099
001660
001428
000228
001190
004153
002752
001280
001113
003469
001209
001826
002910
002330
000268
003475
001584
000591
000666
002156
002021
003067
002549
000564
000971
000928
002969
003787
003322
001060
001791
002332
003030
002454
001614
004133
003456
001521
002316
002952
004172
000930
003366
002001
001724
000524
002301
000910
001031
004001
001755
001682
002274
004290
002876
001077
001781
001117
001853
002880
001169
001102
003821
002299
002302
002331
001841
001381
001770
003877
001206
002096
000571
002916
001088
001879
003686
004120
002537
001292
003369
002536
002559
000257
004352
003631
003014
001281
002076
002496
003212
002984
003149
003804
001240
001658
004113
001483
002286
001384
002885
003226
003770
003040
002600
000615
003637
002315
001053
000614
002568
002108
001488
001096
002369
003052
002055
001342
002904
002204
001546
003983
002881
003345
001953
003719
003416
002234
001852
001294
001737
003418
003209
003387
001336
001677
003702
002046
003854
001407
004370
003222
001713
002862
001435
001728
001774
002349
001885
001966
002726
001809
003684
003672
002262
001882
001065
002005
002505
001898
003848
002374
002072
002380
004358
002384
001399
003638
003182
002541
002024
004240
000537
001413
003478
001871
001542
002362
004317
001172
002202
000609
003207
003863
000208
004080
003671
000692
002644
003356
002983
001692
003690
001110
001889
002670
002808
001884
003276
000247
001921
001757
002289
003181
003633
002995
003510
001607
003665
002524
001356
001314
002963
001548
004235
003494
001720
002934
001347
004213
001784
001182
001403
003085
000566
001989
001359
004185
004046
004367
002626
003771
002598
001348
002911
004003
000960
002016
002697
003213
002119
001047
002413
000935
003117
001620
003230
004376
001890
001738
002405
003165
001691
002461
002838
003798
004284
003810
000658
003122
003436
001367
001089
002146
001152
001927
002247
002623
004279
001228
004334
003749
002460
001076
000224
003468
002106
001801
004042
001612
001153
001529
000669
000600
004224
003025
004031
001140
003991
003274
000918
003463
001170
000605
000617
001044
002346
003113
002843
001504
003873
003853
000264
001951
003179
004246
001274
002835
001566
004156
003626
002430
002739
002997
001115
002964
003736
002728
002751
000676
003284
002124
001297
002696
002281
003363
003855
004195
001365
002089
001556
003713
001708
001163
003990
002629
004053
003268
001672
001467
003372
002183
003664
002825
002184
003483
003401
002311
002528
003246
001215
003042
000645
001539
003026
000642
004062
001777
004255
001547
001695
002365
004037
001621
002907
001164
002082
001112
002504
002057
003627
002123
004286
003077
001162
002329
001357
000997
001107
